dataset: SEED
[0.97785779 0.98414919 0.98442377 0.97072273 0.98936955 0.9769327
 0.96987927 0.97764828 0.96713541 0.95771714 0.96481243 0.95871274
 0.97054722 0.97597403 0.9735333  0.98411341 0.96287419 0.97523647
 0.9691139  0.96869192 0.96725154 0.96875803 0.98491549 0.99943243
 0.97357095 0.95336657 0.95826452 0.97576975 0.97780473 0.97192375
 0.97224773 0.97691158 0.97609423 0.97898583 0.96914039 0.97488314
 0.97159929 0.97711678 0.97605198 0.96763768 0.97332816 0.96921675
 0.97368155 0.97156438 0.97068472 0.96711279 0.97661692 0.96218831
 0.96747791 0.96553078 0.96602682 0.95996231 0.96762364 0.96637512
 0.97649448 0.97428538 0.97122753 0.95394118 0.96966846 0.97803256
 0.95986584 0.97414901]dataset: SEED
[0.92523391 0.94997398 0.96084131 0.94689644 0.95895979 0.94585625
 0.93780988 0.92768639 0.90915972 0.88387439 0.91752566 0.88294922
 0.93395591 0.94362841 0.93874091 0.954883   0.90325245 0.91772084
 0.93555357 0.91065085 0.91168559 0.903393   0.9788866  1.00141994
 0.90946511 0.88989971 0.90033745 0.93074227 0.9275263  0.91916129
 0.93310322 0.95587978 0.96414798 0.91832309 0.91039669 0.9323965
 0.89860797 0.91692108 0.91022238 0.91724681 0.94166733 0.94104986
 0.92558027 0.92290395 0.93549933 0.91426152 0.91629234 0.90545177
 0.90542717 0.90326847 0.89534971 0.90446857 0.90266231 0.90506159
 0.93792911 0.94532338 0.91715776 0.89860396 0.91690414 0.93346746
 0.89196423 0.92173715]dataset: SEED
[0.90864853 0.9284387  0.96478744 0.93665047 0.93817107 0.94407578
 0.92143652 0.89177614 0.89256445 0.85698628 0.89117641 0.86447847
 0.92597956 0.93614322 0.92846852 0.9315224  0.87751699 0.89046861
 0.92359838 0.89370432 0.88950631 0.88602012 0.95913469 1.00344823
 0.88477107 0.85244873 0.87552126 0.90242732 0.89608967 0.88058115
 0.91127449 0.94550681 0.95539287 0.8872948  0.8822045  0.91855348
 0.87997538 0.8864424  0.8832876  0.89546391 0.92064358 0.92400375
 0.91177854 0.90568442 0.90684712 0.88659921 0.90146543 0.87287196
 0.88019954 0.87588171 0.87616444 0.87630099 0.88583948 0.89397718
 0.9313942  0.9440187  0.90439778 0.85664486 0.89468739 0.90938708
 0.86582661 0.88687191]dataset: SEED
[0.78879751 0.83593291 0.91698559 0.82623217 0.81379537 0.8867479
 0.80352859 0.73990635 0.74949849 0.70728127 0.73117777 0.68494444
 0.83449591 0.86557297 0.83003264 0.81154906 0.76624793 0.70662439
 0.74815888 0.69923008 0.75379234 0.7575332  0.87564452 0.96982304
 0.69521175 0.70845469 0.67593994 0.79978887 0.72727168 0.73929117
 0.78249081 0.87817902 0.86064868 0.72358113 0.74154931 0.77154115
 0.72016247 0.70904421 0.70221922 0.75123812 0.80602085 0.82564183
 0.74857561 0.74861109 0.76003344 0.75111005 0.71338487 0.67792453
 0.7194159  0.75277597 0.73277951 0.70822426 0.6866639  0.76095687
 0.81031781 0.8104656  0.7476764  0.68960658 0.76807041 0.72725758
 0.6752604  0.72693917]