0.6357063055038452
0.5079639554023743
0.7420459985733032
0.6549625396728516
0.6896803379058838
0.6705277562141418
0.6436224579811096
0.7340521216392517
0.7121452689170837
0.5998824238777161
0.8017418384552002
0.6181501150131226
0.6945372223854065
0.7214226126670837
0.7573959827423096

0.6354173421859741
0.5012814998626709
0.7313476800918579
0.669523298740387
0.6997528672218323
0.6661989688873291
0.6435247659683228
0.7158541679382324
0.7065609097480774
0.575512170791626
0.8140146732330322
0.6274553537368774
0.6985092163085938
0.6454918384552002
0.816214919090271

0.604878842830658
0.47430044412612915
0.7430225610733032
0.6685248017311096
0.7261200547218323
0.673128604888916
0.636914074420929
0.7302993535995483
0.7114098072052002
0.6055883169174194
0.8017857074737549
0.6309331059455872
0.6993981003761292
0.737492024898529
0.7484773397445679

0.6623146533966064
0.4921257197856903
0.745711088180542
0.6543427109718323
0.6578105092048645
0.6875517964363098
0.6451112031936646
0.743351399898529
0.7158482074737549
0.6359275579452515
0.7996572256088257
0.6279596090316772
0.6889688372612
0.6981824040412903
0.7287587523460388

0.633593738079071
0.4816904366016388
0.7508350610733032
0.6633729338645935
0.751757800579071
0.7082290053367615
0.6450494527816772
0.7239795923233032
0.7151187658309937
0.6159737706184387
0.8051159977912903
0.626851499080658
0.6864397525787354
0.6446687579154968
0.8049565553665161
