0.7050103545188904
0.5700852870941162
0.7790178656578064
0.6508031487464905
0.7519611120223999
0.7061662673950195
0.6375837326049805
0.7934410572052002
0.7163484692573547
0.5510044693946838
0.8214265704154968
0.6259287595748901
0.7370615601539612
0.7137914299964905
0.8897261619567871

0.7258031964302063
0.5944395661354065
0.7602220177650452
0.6809012293815613
0.7133868932723999
0.7529535889625549
0.6531209945678711
0.8078423738479614
0.7463249564170837
0.5827925801277161
0.8184968829154968
0.6162567734718323
0.6953603029251099
0.7035534977912903
0.9294304251670837

0.7124282717704773
0.5742705464363098
0.8022799491882324
0.6826072335243225
0.7315788269042969
0.7677175998687744
0.663105845451355
0.7833465933799744
0.6918467283248901
0.5449478030204773
0.8312360644340515
0.6421356797218323
0.7317502498626709
0.7118542790412903
0.6441605687141418

0.7032704949378967
0.5922014713287354
0.7958506345748901
0.6796396970748901
0.7433254718780518
0.7440050840377808
0.6274175047874451
0.7715999484062195
0.722273588180542
0.595109224319458
0.8033163547515869
0.6475287079811096
0.7308174967765808
0.6910833716392517
0.7010363340377808
0.7632832527160645


