0.6295360326766968
0.5594208240509033
0.7944614887237549
0.6833645701408386
0.6617984771728516
0.6981066465377808
0.5769311785697937
0.7704539895057678
0.7455237507820129
0.48610690236091614
0.7791274785995483
0.6746412515640259
0.6841517686843872
0.6690788269042969
0.6373305916786194

0.6444913744926453
0.5308095216751099
0.8090222477912903
0.6824597120285034
0.6617765426635742
0.6756018996238708
0.571093738079071
0.7953284382820129
0.7537368535995483
0.5213229656219482
0.7977479100227356
0.6772361397743225
0.6652842164039612
0.6906947493553162
0.6807437539100647

0.6640226244926453
0.5270846486091614
0.7977041006088257
0.6758769154548645
0.6622648239135742
0.6590660810470581
0.5693538784980774
0.7634366750717163
0.7571109533309937
0.517679750919342
0.7937699556350708
0.6811642646789551
0.6124461889266968
0.6784877181053162
0.676737904548645

0.763285219669342
0.582714855670929
0.7608418464660645
0.7075594067573547
0.7480707764625549
0.718554675579071
0.6448202133178711
0.7578682899475098
0.7656528949737549
0.6083864569664001
0.8342753648757935
0.6437221169471741
0.7838528156280518
0.7386658787727356
0.7602160573005676

0.7363101840019226
0.5627451539039612
0.7378706932067871
0.6939752101898193
0.7184829115867615
0.7722157835960388
0.687898576259613
0.7599589228630066
0.7277044653892517
0.593468964099884
0.8304348587989807
0.6602080464363098
0.7022122144699097
0.7152283787727356
0.5313815474510193

0.7505580186843872
0.584789514541626
0.7647700309753418
0.7250717282295227
0.7232999801635742
0.7573700547218323
0.6634128093719482
0.7558115720748901
0.7279137372970581
0.5890086889266968
0.7664042711257935
0.6821747422218323
0.7244698405265808
0.7498744130134583
0.7203244566917419

0.7668406963348389
0.5585538744926453
0.7461056709289551
0.7038065791130066
0.7398576736450195
0.7155373096466064
0.6439313888549805
0.7514767646789551
0.7222018241882324
0.6254982352256775
0.8357402086257935
0.6621611714363098
0.7771544456481934
0.7188217639923096
0.6804488301277161

0.7037209272384644
0.566125214099884
0.7504344582557678
0.7275350689888
0.7036591172218323
0.7324079275131226
0.6554309129714966
0.7607541084289551
0.7691585421562195
0.6009466648101807
0.8166095018386841
0.6606026887893677
0.6874820590019226
0.6948959827423096
0.8446667790412903

0.7088887095451355
0.5553392171859741
0.7290158271789551
0.7220543622970581
0.7128268480300903
0.7301697731018066
0.650898814201355
0.7643036246299744
0.7706233859062195
0.6122867465019226
0.8147002458572388
0.660070538520813
0.6778041124343872
0.718449056148529
0.8400589823722839

1
0.7029914855957031
0.5947743654251099
0.7558274865150452
0.7128208875656128
0.7127829790115356
0.7338448762893677
0.6352140307426453
0.7392039895057678
0.7604571580886841
0.5877411365509033
0.8253108859062195
0.6724310517311096
0.7217494249343872
0.7336077094078064
0.8613998889923096

2
0.6745396256446838
0.5767298936843872
0.7485690116882324
0.7085797786712646
0.6969985365867615
0.7271902561187744
0.672745943069458
0.7691426277160645
0.7764608860015869
0.582413911819458
0.8297492861747742
0.6663743257522583
0.7351084351539612
0.731144368648529
0.8957110643386841

3
0.6920520067214966
0.5885801911354065
0.7626853585243225
0.7153280377388
0.7025071382522583
0.7310746312141418
0.6827307939529419
0.7781788110733032
0.7574617266654968
0.6099110841751099
0.8170759081840515
0.6592035889625549
0.7113799452781677
0.7148059010505676
0.7629703283309937



0.7037488222122192
0.5578902363777161
0.7889209985733032
0.7225207090377808
0.7131337523460388
0.7258350849151611
0.688683807849884
0.7779754996299744
0.7452985644340515
0.6034538149833679
0.7984554171562195
0.6607182621955872
0.6888313293457031
0.7066864371299744
0.8329041600227356

0.7019929885864258
0.5895129442214966
0.7587791085243225
0.7182796597480774
0.711828351020813
0.7148676514625549
0.6728336215019226
0.7589544653892517
0.7492048144340515
0.5926458835601807
0.8233796954154968
0.6657545566558838
0.7426737546920776
0.715519368648529
0.8700793385505676

F
0.6992825269699097
0.5917569994926453
0.7495236396789551
0.7176817655563354
0.7160475254058838
0.7169802188873291
0.6836355924606323
0.7396265268325806
0.7521345019340515
0.5887835025787354
0.8174765110015869
0.6635761857032776
0.7158243060112
0.7360929250717163
0.7400370836257935

0.6738759279251099
0.572160005569458
0.7462153434753418
0.7056281566619873
0.6915178298950195
0.7304707169532776
0.6627331972122192
0.7720942497253418
0.7751494646072388
0.562816858291626
0.8160993456840515
0.6638452410697937
0.7363699674606323
0.7279894948005676
0.8716318607330322

0.6970443725585938
0.5974131226539612
0.7905392646789551
0.7134187817573547
0.6966039538383484
0.7285016775131226
0.6469706296920776
0.7819913625717163
0.7642319202423096
0.6054727435112
0.8077546954154968
0.6550721526145935
0.703144907951355
0.7075035572052002
0.7945770621299744

0.6988879442214966
0.5588667988777161
0.7846141457557678
0.7165736556053162
0.7140665054321289
0.729785144329071
0.6239776015281677
0.7739815711975098
0.7652522921562195
0.6056262254714966
0.8233139514923096
0.6630939245223999
0.6867904663085938
0.7312320470809937
0.6663843393325806

0.7082250714302063
0.5928651094436646
0.7665477395057678
0.7154595851898193
0.714269757270813
0.7143793702125549
0.6756975650787354
0.7505221366882324
0.7526227831840515
0.5984175801277161
0.8354771137237549
0.674296498298645
0.7371931076049805
0.7262176871299744
0.8057916164398193

0.7165258526802063
0.5913783311843872
0.7406468987464905
0.6978156566619873
0.6975805163383484
0.6945192813873291
0.6600227355957031
0.7462870478630066
0.7588608264923096
0.6260961294174194
0.8212292790412903
0.6693917512893677
0.6995137333869934
0.7276885509490967
0.8293486833572388

0.686840295791626
0.5905113816261292
0.7439552545547485
0.6958406567573547
0.6803531646728516
0.6902503371238708
0.6772002577781677
0.7701629996299744
0.7628766894340515
0.6323999762535095
0.8224031329154968
0.6699298620223999
0.7198621034622192
0.7458147406578064
0.8773158192634583

0.6848812103271484
0.5785953402519226
0.7518993020057678
0.6960877776145935
0.6801120042800903
0.7086575031280518
0.6520886421203613
0.7630141973495483
0.7667610049247742
0.6328882575035095
0.8027184009552002
0.6637136936187744
0.6863460540771484
0.7081074714660645
0.717960774898529

0.6938237547874451
0.5917350649833679
0.7561842203140259
0.7045420408248901
0.6829041838645935
0.7083386182785034
0.6672373414039612
0.7689891457557678
0.7579938769340515
0.6305345296859741
0.8263093829154968
0.6628527641296387
0.6910694241523743
0.7334322929382324
0.819034993648529

0.695332407951355
0.5879822969436646
0.7289281487464905
0.7083167433738708
0.6870575547218323
0.6873584985733032
0.6464265584945679
0.7540059089660645
0.7603037357330322
0.6413424611091614
0.8267538547515869
0.6719706654548645
0.7065030932426453
0.7413105964660645
0.6331214308738708

0.703808605670929
0.5839664340019226
0.7406907677650452
0.6822404861450195
0.7024852633476257
0.6893793940544128
0.6886559128761292
0.7323959469795227
0.7657844424247742
0.564172089099884
0.8219148516654968
0.6576231718063354
0.731465220451355
0.7248843908309937
0.8454838991165161


0.6963866949081421
0.5936881899833679
0.7295479774475098
0.681620717048645
0.7066545486450195
0.691617488861084
0.6318877339363098
0.7627072334289551
0.7731305956840515
0.6031688451766968
0.8229571580886841
0.6767538189888
0.7195711135864258
0.7259705662727356
0.7306281924247742

start

0.7324736714363098
0.5753308534622192
0.7821069955825806
0.6897122263908386
0.7093650102615356
0.7437699437141418
0.6138771772384644
0.7730708122253418
0.7440589070320129
0.6048529148101807
0.8190509080886841
0.6586933732032776
0.708390474319458
0.7102798223495483
0.8687898516654968

0.7342454195022583
0.5925960540771484
0.7728734612464905
0.6825693845748901
0.6878089308738708
0.7358637452125549
0.633874773979187
0.7716497778892517
0.7549545764923096
0.6070970296859741
0.8283721208572388
0.663867175579071
0.7462073564529419
0.7144272327423096
0.8059171438217163

0.7269551157951355
0.5782605409622192
0.8046336770057678
0.7051180005073547
0.7058534026145935
0.7420200705528259
0.6402662396430969
0.7862324714660645
0.7334043979644775
0.615551233291626
0.8160335421562195
0.6563675999641418
0.7120057344436646
0.709769606590271
0.862113356590271

best_acc0.7326271533966064
best_acc0.5809869170188904
best_acc0.7771803140640259
best_acc0.6905572414398193
best_acc0.7132274508476257
best_acc0.7475665807723999
best_acc0.6350705623626709
best_acc0.7682756781578064
best_acc0.7403499484062195
best_acc0.6082051396369934
best_acc0.8214265704154968
best_acc0.657694935798645
best_acc0.7089225649833679
best_acc0.6937878727912903
best_acc0.6948959827423096

start


















