0.4970364272594452
0.4711734652519226
0.6732262372970581
0.5106026530265808
0.5896264910697937
0.5481664538383484
0.4988062083721161
0.6539919376373291
0.6597018241882324
0.525597870349884
0.7656309604644775
0.5634506344795227
0.5517996549606323
0.6794702410697937
0.6536611318588257

0.5740971565246582
0.4645627439022064
0.6700832843780518
0.5473234057426453
0.6142597794532776
0.5674406290054321
0.4881317615509033
0.717863142490387
0.678328275680542
0.46429967880249023
0.7882015109062195
0.5504205226898193
0.5714026689529419
0.6516163349151611
0.5635164380073547

0.689241886138916
0.4963109791278839
0.7441864609718323
0.619608998298645
0.6374561786651611
0.6499980092048645
0.5841856598854065
0.7126514911651611
0.6366649270057678
0.5337173342704773
0.7876255512237549
0.5106843709945679
0.6238839030265808
0.7135223746299744
0.8376494646072388


0.7701629996299744
0.496964693069458
0.6929448246955872
0.5913603901863098
0.6436503529548645
0.6808972358703613
0.6612563729286194
0.7541334629058838
0.6403798460960388
0.5225247144699097
0.8125278949737549
0.5515685081481934
0.6365573406219482
0.6976124048233032
0.8001853227615356


0.7547134160995483
0.5066266655921936
0.6973453164100647
0.6092454195022583
0.6337093114852905
0.6773915886878967
0.6646962761878967
0.7494479417800903
0.6414222121238708
0.5245655179023743
0.8145906329154968
0.544820249080658
0.6435686349868774
0.6879344582557678
0.8186463713645935


0.6624521613121033
0.4857780635356903
0.7552196383476257
0.6234215497970581
0.6305105686187744
0.6560108661651611
0.5952845811843872
0.7094965577125549
0.6487404108047485
0.5293008685112
0.7959482669830322
0.521695613861084
0.6335837841033936
0.7198262214660645
0.8449736833572388

0.6367705464363098
0.49315211176872253
0.678394079208374
0.6082628965377808
0.6188197731971741
0.6651905179023743
0.6234235763549805
0.7369937896728516
0.672062337398529
0.5938416719436646
0.8024493455886841
0.5640605092048645
0.6247508525848389
0.6746352910995483
0.7667829394340515

0.6495814919471741
0.49612563848495483
0.6775051951408386
0.6117686033248901
0.614957332611084
0.6667649745941162
0.6196268796920776
0.7384805679321289
0.6629603505134583
0.5948401689529419
0.7984554171562195
0.5610431432723999
0.6252391338348389
0.6663345098495483
0.7584163546562195
