0.7007672786712646
0.5455178022384644
0.7428850531578064
0.7106425166130066
0.7117844820022583
0.703999936580658
0.6501634120941162
0.7754185199737549
0.6901726126670837
0.6177953481674194
0.7998325824737549
0.633280873298645
0.6950035691261292
0.7355608344078064
0.8645268678665161

0.6753407716751099
0.5219547152519226
0.7614616751670837
0.7267119884490967
0.6950673460960388
0.7392159700393677
0.6601701974868774
0.7654556035995483
0.7172691822052002
0.5759347081184387
0.8161431550979614
0.648351788520813
0.7136678695678711
0.7356704473495483
0.8724051117897034

0.6751853227615356
0.5306062698364258
0.7565130591392517
0.7100884914398193
0.7334662079811096
0.7274752855300903
0.6282944083213806
0.7528918385505676
0.7139827609062195
0.6187061667442322
0.7823202610015869
0.6426957249641418
0.720234751701355
0.7414421439170837
0.8665238618850708

0.7010981440544128
0.5303212404251099
0.7354731559753418
0.7153280377388
0.704081654548645
0.7309869527816772
0.6521384716033936
0.7628228664398193
0.6957250237464905
0.6315768361091614
0.7546197175979614
0.6538544297218323
0.7151546478271484
0.7239955067634583
0.7328065037727356

0.6951889395713806
0.5431042909622192
0.7595085501670837
0.7236009240150452
0.7531349658966064
0.7331313490867615
0.6257533431053162
0.7546197175979614
0.7171157598495483
0.6232322454452515
0.8255361318588257
0.638476550579071
0.7017079591751099
0.7031369209289551
0.7536431550979614
0.7522899508476257


0.7261977791786194
0.5889807939529419
0.8315110802650452
0.7036092877388
0.6960658431053162
0.6961594820022583
0.5791155099868774
0.7723851799964905
0.7561124563217163
0.6177455186843872
0.8215142488479614
0.6546615958213806
0.7186005115509033
0.7088587880134583
0.8380122184753418

0.7397760152816772
0.5857162475585938
0.7978416085243225
0.6896085739135742
0.6980189681053162
0.7328463792800903
0.5810626745223999
0.7496392726898193
0.7436363697052002
0.6176139712333679
0.8152164220809937
0.6540138721466064
0.7203503847122192
0.6991809010505676
0.6824477910995483

best_acc0.7022680044174194
best_acc0.514965295791626
