0.7068518996238708
0.551464855670929
0.7394012808799744
0.7068458795547485
0.7041693329811096
0.7095244526863098
0.6341258883476257
0.7612583637237549
0.6974968314170837
0.6275390386581421
0.7959482669830322
0.6322604417800903
0.6979990601539612
0.7198919653892517
0.8831472992897034

0.6891003847122192
0.5178890228271484
0.7478116750717163
0.7219168543815613
0.7135562896728516
0.7298070788383484
0.6760642528533936
0.7637436389923096
0.7088369131088257
0.5838348865509033
0.8297712206840515
0.6532784700393677
0.7073421478271484
0.7316983938217163
0.8518534898757935

0.6969547271728516
0.5184869170188904
0.7647919058799744
0.710620641708374
0.7427873611450195
0.7239477038383484
0.6023656725883484
0.7552236318588257
0.7070591449737549
0.6152443289756775
0.8091099262237549
0.623433530330658
0.7237842679023743
0.7410415410995483
0.7058194875717163

0.699007511138916
0.5250816941261292
0.7456393241882324
0.7100884914398193
0.7093650102615356
0.7265704870223999
0.6464106440544128
0.7696807384490967
0.7065987586975098
0.636437714099884
0.8213608264923096
0.6523676514625549
0.7174585461616516
0.7327845692634583
0.7081294059753418

0.7177096605300903
0.5358677506446838
0.759952962398529
0.7137037515640259
0.7634546160697937
0.7301359176635742
0.6512755155563354
0.7572644352912903
0.718449056148529
0.6260961294174194
0.8091378211975098
0.6332589387893677
0.6992446780204773
0.6763472557067871
0.7331353425979614
