0.6154854893684387
0.47640106081962585
0.740531325340271
0.6309430599212646
0.6733637452125549
0.7079818844795227
0.5406389236450195
0.7488600015640259
0.7329659461975098
0.48157286643981934
0.8419563174247742
0.6536571383476257
0.6954101324081421
0.622171938419342
0.741870641708374

0.687394380569458
0.6294862031936646
0.8415238261222839
0.7385184168815613
0.6824776530265808
0.763097882270813
0.6218770146369934
0.7903300523757935
0.7680564522743225
0.5081732273101807
0.8108597993850708
0.7044104933738708
0.6759486794471741
0.6630321145057678
0.667651891708374

0.7256337404251099
0.6037667393684387
0.7770926356315613
0.7106425166130066
0.7117785215377808
0.7324956059455872
0.627839982509613
0.7746173143386841
0.7606285810470581
0.5691426396369934
0.8288604021072388
0.6584024429321289
0.7072046399116516
0.7289281487464905
0.766218900680542


0.718835711479187
0.631176233291626
0.7716996073722839
0.6872110366821289
0.7669104933738708
0.7112583518028259
0.6617167592048645
0.7741509675979614
0.7168745994567871
0.6145966053009033
0.7930624485015869
0.626066267490387
0.7449617385864258
0.7164899706840515
0.8054966330528259

1
0.6965780258178711
0.5842893123626709
0.7804169058799744
0.6877371668815613
0.7489875555038452
0.700175404548645
0.6569993495941162
0.7862483859062195
0.7148178219795227
0.5617247223854065
0.8326570391654968
0.6210240125656128
0.7317342758178711
0.7159199714660645
0.8966278433799744

2
0.716015636920929
0.5899354219436646
0.7586694955825806
0.6734015941619873
0.7177156209945679
0.7626693844795227
0.6534996628761292
0.7979452610015869
0.7424904108047485
0.5784199833869934
0.8173887729644775
0.619608998298645
0.6883490085601807
0.6963608264923096
0.8909438848495483

3
0.6714624762535095
0.590120792388916
0.6154854893684387
0.47640106081962585
0.740531325340271
0.6309430599212646
0.6733637452125549
0.7079818844795227
0.5406389236450195
0.7488600015640259
0.7329659461975098
0.48157286643981934
0.8419563174247742
0.6536571383476257
0.6954101324081421
0.622171938419342
0.741870641708374

0.687394380569458
0.6294862031936646
0.8415238261222839
0.7385184168815613
0.6824776530265808
0.763097882270813
0.6218770146369934
0.7903300523757935
0.7680564522743225
0.5081732273101807
0.8108597993850708
0.7044104933738708
0.6759486794471741
0.6630321145057678
0.667651891708374

0.7256337404251099
0.6037667393684387
0.7770926356315613
0.7106425166130066
0.7117785215377808
0.7324956059455872
0.627839982509613
0.7746173143386841
0.7606285810470581
0.5691426396369934
0.8288604021072388
0.6584024429321289
0.7072046399116516
0.7289281487464905
0.766218900680542


0.718835711479187
0.631176233291626
0.7716996073722839
0.6872110366821289
0.7669104933738708
0.7112583518028259
0.6617167592048645
0.7741509675979614
0.7168745994567871
0.6145966053009033
0.7930624485015869
0.626066267490387
0.7449617385864258
0.7164899706840515
0.8054966330528259

1
0.6965780258178711
0.5842893123626709
0.7804169058799744
0.6877371668815613
0.7489875555038452
0.700175404548645
0.6569993495941162
0.7862483859062195
0.7148178219795227
0.5617247223854065
0.8326570391654968
0.6210240125656128
0.7317342758178711
0.7159199714660645
0.8966278433799744

2
0.716015636920929
0.5899354219436646
0.7586694955825806
0.6734015941619873
0.7177156209945679
0.7626693844795227
0.6534996628761292
0.7979452610015869
0.7424904108047485
0.5784199833869934
0.8173887729644775
0.619608998298645
0.6883490085601807
0.6963608264923096
0.8909438848495483

3
0.6714624762535095
0.590120792388916
0.8083645701408386
0.6168646216392517
0.7349091172218323
0.7657425999641418
0.6697444915771484
0.7809929251670837
0.7088867425918579
0.5537587404251099
0.7878886461257935
0.639738142490387
0.7242944836616516
0.7245276570320129
0.6833645701408386

0.6884526610374451
0.5615114569664001
0.7963169813156128
0.6874521970748901
0.7335877418518066
0.7395228743553162
0.6467055678367615
0.7740413546562195
0.7197883129119873
0.596085786819458
0.7737722992897034
0.6540297865867615
0.7274872660636902
0.6813616156578064
0.6579799056053162


0.7452846169471741
0.5972257852554321
0.7866988182067871
0.6698082685470581
0.7060028910636902
0.7580397129058838
0.5585519075393677
0.7912627458572388
0.7165517210960388
0.5845204591751099
0.8165656924247742
0.6336097121238708
0.7296496629714966
0.7186025381088257
0.8987065553665161


F

0.6802176237106323
0.5774533748626709
0.7984833121299744
0.6543805599212646
0.7440608739852905
0.6936025023460388
0.6567741632461548
0.7856724262237549
0.7271344661712646
0.5569076538085938
0.8131257891654968
0.6225107908248901
0.7333745360374451
0.7035594582557678
0.8746551871299744

0.7187041640281677
0.6007434129714966
0.7547193765640259
0.6753328442573547
0.720914363861084
0.7628726959228516
0.6482820510864258
0.7931281924247742
0.7536272406578064
0.5852339863777161
0.8151008486747742
0.6285953521728516
0.6886340379714966
0.6989337205886841
0.6530373096466064

0.6711714863777161
0.5885024666786194
0.8127591013908386
0.6797492504119873
0.7329340577125549
0.7705377340316772
0.6634905338287354
0.7745575308799744
0.7028958201408386
0.5421277284622192
0.8312360644340515
0.6387834548950195
0.7248266339302063
0.7119419574737549
0.8782923817634583

0.692891001701355
0.5729173421859741
0.809253454208374
0.6742904782295227
0.7426837682723999
0.7238101959228516
0.5887994170188904
0.7710459232330322
0.7122887372970581
0.6028778553009033
0.7463628053665161
0.6480169892311096
0.7218311429023743
0.6843132376670837
0.8191466331481934

0.7362922430038452
0.5991789102554321
0.7724728584289551
0.6759307384490967
0.7151865363121033
0.7526247501373291
0.5854352712631226
0.7873345613479614
0.7211654782295227
0.5862324833869934
0.8141242861747742
0.6342514157295227
0.7203723192214966
0.7191346287727356
0.8947564363479614




